0.677482834 0.380531384 0.770103252
0.725469124 0.269180593 0.757258102
0.082813698 0.229407128 0.568247078
1.000000000 0.000000000 0.041084164
0.611267254 1.000000000 0.857789892
0.520503411 0.722806210 0.968115822
1.000000000 1.000000000 0.971575474
0.303766236 0.000000000 0.524662971
0.851251334 0.846176031 1.030194792
0.000000000 1.000000000 0.006166225
1.000000000 0.905117475 0.952312294
0.822973001 0.800876204 1.017292955
0.822975949 0.803876324 1.038544384
0.823047233 0.799325382 0.987609571
1.000000000 1.000000000 0.944568721
0.788154718 0.773027895 1.011358874
0.789235875 0.775115322 1.027213167
0.789898307 0.776476913 0.977995680
1.000000000 1.000000000 0.899177364
0.759502429 0.754966272 0.982378132
0.761553015 0.756957553 0.950197459
0.809565853 1.000000000 0.896776771
1.000000000 0.778491776 0.874426847
0.707034955 0.728705801 1.061644080
0.000000000 0.367838126 0.557157803
0.661528934 0.692091135 0.976612876
0.664455006 0.694193984 0.931239888
1.000000000 0.764203952 0.928115124
0.668474869 0.697490603 0.916257208
0.820855472 1.000000000 0.914599998
0.665160508 0.684201765 0.979907769
0.668236885 0.686281296 0.882383792
1.000000000 1.000000000 0.926919571
1.000000000 0.762374134 0.933559355
0.000000000 0.000000000 0.272657305
0.634006115 0.658115487 1.055511115
0.634409996 0.658489621 0.983420721
0.636896189 0.660368944 0.967210389
0.641057963 0.663536408 0.905415362
1.000000000 0.763931482 0.913074190
1.000000000 0.766208928 0.901719649
1.000000000 1.000000000 0.966654950
0.811059839 1.000000000 0.943997589
0.812440315 1.000000000 0.925535569
0.460684952 0.000000000 0.481149297
0.626809826 0.659659509 0.966553936
0.636119316 0.667323544 1.008362690
0.715389832 0.737337401 0.951131982
0.578800129 0.618897745 0.952180887
1.000000000 1.000000000 0.953749399
