0.605926921 0.057590035 0.486675351 0.334068856 0.857451874
0.502168564 0.647487992 0.789103449 0.892682621 0.931167567
0.216457457 0.937163545 0.218281930 0.361304647 0.626439665
1.000000000 0.720237302 1.000000000 0.000000000 0.571345012
0.000000000 1.000000000 1.000000000 0.503060473 0.604333309
1.000000000 0.238670102 0.066724682 1.000000000 0.444899026
0.000000000 0.000000000 1.000000000 1.000000000 0.562178871
1.000000000 0.000000000 0.000000000 0.000000000 0.503745139
0.000000000 0.000000000 0.000000000 0.000000000 0.695091526
1.000000000 1.000000000 1.000000000 1.000000000 0.919076893
0.000000000 0.000000000 0.000000000 1.000000000 0.560008146
0.083328526 0.000000000 1.000000000 0.000000000 0.330728627
1.000000000 0.165470207 1.000000000 0.962813461 0.598927210
0.867360775 0.999999958 0.672303183 0.685887031 0.851927987
0.537345381 1.000000000 1.000000000 1.000000000 0.882093798
0.004995372 0.396700474 0.455494004 0.627570100 0.766865503
0.391722783 0.000000070 0.000000000 0.437780442 0.842042574
0.529405497 0.501960072 0.000000000 0.000000000 0.733020468
0.683543440 0.742942939 1.000000000 0.691468781 0.887206871
0.497442045 1.000000000 0.687967103 0.000000000 0.729699113
0.536855853 0.492581018 0.566588481 0.552195584 1.024403140
0.708921612 1.000000000 0.000000000 1.000000000 0.270012554
1.000000000 1.000000000 0.000000000 0.000000000 0.531332280
0.622975063 0.514213272 0.527072742 0.457538533 0.965551262
0.439140686 0.000000000 0.487432022 0.805774366 0.761646240
0.681862418 0.546834704 0.536607281 0.453560880 0.943859091
0.444723411 0.409672536 0.437928217 0.000003210 0.858308000
0.510673857 0.553884711 0.760898743 0.540033478 0.863525604
0.999999425 0.628395748 0.610452057 0.568120133 0.913814167
1.000000000 0.000000000 1.000000000 0.000000000 -0.026782885
0.000000047 0.584741109 0.449800736 0.000000467 0.608378803
0.446474364 0.319443700 0.000000000 0.427069902 0.902383863
1.000000000 0.778733114 0.999999747 1.000000000 0.878305766
0.000000000 1.000000000 1.000000000 1.000000000 0.636913017
0.000000000 0.528174814 0.999999958 0.999999999 0.615245237
0.000000000 1.000000000 0.000000000 1.000000000 0.029296500
0.569705357 0.449498837 0.366682481 0.424033833 0.985748773
0.000000000 0.000000000 0.339613718 0.432509129 0.810792534
1.000000000 1.000000000 0.999999996 0.589371858 0.974123185
0.999999976 1.000000000 1.000000000 0.613117380 0.958371887
0.740334698 1.000000000 1.000000000 0.635697996 1.013849362
0.518458413 0.400484387 0.343327606 0.424336770 0.899137439
1.000000000 0.999999999 0.746978263 0.459707286 0.953284759
0.753546116 0.999999908 0.999997643 0.636618151 0.966643713
0.000000000 0.000000000 0.000000000 0.431107807 0.891156945
0.404298951 0.293673258 0.305007789 0.398280164 1.002927259
0.748222029 1.000000000 0.838036348 0.573141253 0.956119108
0.763308679 1.000000000 1.000000000 0.658809086 0.958269131
0.342731157 0.000000000 0.225199164 0.328207114 0.939341201
0.000000000 0.296005005 0.000000000 0.355186029 0.766102901
