0.948221081 0.972546606 0.195405238 0.647330342
0.986264573 0.542908597 0.002363215 0.661258915
0.296597251 0.169744928 0.732351523 0.884866857
0.000000000 1.000000000 1.000000000 0.382853767
0.000000000 0.000000000 0.000000000 0.617192650
0.000000000 1.000000000 0.000000000 -0.102934354
1.000000000 0.000000000 1.000000000 0.119284266
0.000000000 0.000000000 1.000000000 0.316704913
0.533704191 0.363395216 0.441094199 0.943831638
0.543793852 0.000000000 0.253952443 0.777069044
0.939889367 1.000000000 1.000000000 1.038943090
0.718185214 0.765517380 0.821143959 1.003470123
1.000000000 1.000000000 1.000000000 0.919815249
0.682894143 0.713602507 0.744319968 1.009093098
0.999999949 0.777207772 0.684369628 0.864298195
0.493392237 0.308245729 0.000000000 0.868367765
0.700733214 1.000000000 1.000000000 0.911912835
0.639008777 0.692754945 1.000000000 0.906070058
1.000000000 0.000000000 0.000000000 0.362144690
0.535806570 0.545578006 0.549943635 1.005783612
0.740278499 1.000000000 0.779262343 0.936197308
0.531075379 0.527509458 0.545626293 1.037883050
0.669499501 0.739394797 1.000000000 0.858908689
0.511152661 0.502817496 0.508933793 0.959546354
0.771582065 1.000000000 0.772998341 0.979617114
0.543208468 0.531906694 0.528494966 0.981392783
0.559771292 0.545338293 0.539366105 0.940198056
0.408406140 0.431432590 0.475654974 0.967413964
0.677708021 0.660858292 0.628007474 0.950527553
0.374913697 0.405803651 0.464034675 0.954827598
0.680887925 0.669635758 0.635723118 1.011209713
0.677998336 0.671493716 0.637108976 1.045923610
1.000000000 0.999999985 0.846000659 0.961232305
0.706947418 0.631913388 0.613001549 1.022288404
0.743553723 1.000000000 0.787731677 1.016324544
0.661313234 0.773887976 0.669687574 0.988449206
0.000000024 0.000000259 0.409083834 0.754866981
0.720883973 0.663474535 0.623590705 0.983204532
0.389092832 0.000000000 0.384471714 0.743316124
0.751611995 1.000000000 0.803489877 0.928816815
0.416975050 0.515779936 0.543196582 0.989176755
1.000000000 1.000000000 1.000000000 0.847016096
0.611775236 0.710683971 0.639746486 0.933186943
0.702510403 0.566086719 0.549068690 1.018545429
1.000000000 1.000000000 0.721060214 0.888010056
0.645178899 0.520902090 0.492079270 0.963174364
0.421495745 0.520812298 0.574367643 0.984316348
0.609489594 0.670280605 0.735642577 0.927496609
0.530078856 0.475447357 0.389947806 0.938045532
0.358268581 0.471105299 0.531565101 0.997978536
